DIAMETER=6
MAX_DISTANCE=5.36049930651752
MAX_SPATIAL_DISTANCE=917.4371097077285