DIAMETER=8
MAX_DISTANCE=7.486026241834288
MAX_SPATIAL_DISTANCE=722.5244657682023