DIAMETER=6
MAX_DISTANCE=5.346946692092198
MAX_SPATIAL_DISTANCE=1324.4189637648783