DIAMETER=4
MAX_DISTANCE=4.198165039498407
MAX_SPATIAL_DISTANCE=4514.767270608644