DIAMETER=6
MAX_DISTANCE=4.816713664095971
MAX_SPATIAL_DISTANCE=911.345954719755