DIAMETER=2
MAX_DISTANCE=1.9946714594002781
MAX_SPATIAL_DISTANCE=4509.436434672748