DIAMETER=6
MAX_DISTANCE=5.924337544921964
MAX_SPATIAL_DISTANCE=917.4371097077285