DIAMETER=5
MAX_DISTANCE=4.944534209874033
MAX_SPATIAL_DISTANCE=4518.702761923329