DIAMETER=7
MAX_DISTANCE=7.037392446793308
MAX_SPATIAL_DISTANCE=722.5244657682023