DIAMETER=6
MAX_DISTANCE=4.744883139289762
MAX_SPATIAL_DISTANCE=689.0572924189815