DIAMETER=3
MAX_DISTANCE=2.415106077078543
MAX_SPATIAL_DISTANCE=1196.3219042657483