DIAMETER=7
MAX_DISTANCE=5.051179144338134
MAX_SPATIAL_DISTANCE=1476.5098737819774