DIAMETER=3
MAX_DISTANCE=2.479874853505324
MAX_SPATIAL_DISTANCE=719.2916079070807