DIAMETER=9
MAX_DISTANCE=7.791575204988952
MAX_SPATIAL_DISTANCE=734.2503546417387