DIAMETER=3
MAX_DISTANCE=4.278511897125196
MAX_SPATIAL_DISTANCE=4517.919693651782