DIAMETER=6
MAX_DISTANCE=5.752219332421796
MAX_SPATIAL_DISTANCE=1315.400368452986