DIAMETER=6
MAX_DISTANCE=5.294536345678319
MAX_SPATIAL_DISTANCE=911.345954719755