DIAMETER=8
MAX_DISTANCE=5.383435707379329
MAX_SPATIAL_DISTANCE=1390.8448557958177