DIAMETER=5
MAX_DISTANCE=3.170591409480276
MAX_SPATIAL_DISTANCE=671.527930824247