DIAMETER=5
MAX_DISTANCE=5.914126321554114
MAX_SPATIAL_DISTANCE=4520.760674954239